95.3491 160.025 0
52.5916 79.9604 0
59.6299 134.785 0
63.0343 139.934 0
67.0142 144.658 0
71.4306 148.97 0
76.2899 153.118 0
81.7934 156.635 0
88.0984 159.104 0
51.9754 86.3297 0
51.7087 92.5619 0
51.7575 98.7404 0
52.0759 104.878 0
52.6973 111.042 0
53.5994 117.25 0
54.8703 123.394 0
56.8708 129.256 0
137.909 81.9772 0
130.162 135.715 0
126.929 140.801 0
123.062 145.47 0
118.736 149.689 0
114.012 153.724 0
108.641 157.084 0
102.487 159.336 0
138.241 88.2259 0
138.269 94.3241 0
138.017 100.326 0
137.493 106.293 0
136.762 112.281 0
135.854 118.367 0
134.65 124.385 0
132.748 130.19 0
77.3118 86.9696 0
77.3439 84.8563 0
69.6786 85.5877 0
73.3596 86.4735 0
81.2924 86.8175 0
77.3464 84.8546 0
85.1276 86.4298 0
77.7227 83.1556 0
73.5113 83.7514 0
81.7303 84.0547 0
63.2479 81.0494 0
69.5585 80.9593 0
75.8606 80.7744 0
88.4144 81.9879 0
82.2116 80.9176 0
68.9791 77.3296 0
75.8439 76.49 0
88.7915 79.0532 0
82.6508 77.2586 0
73.7712 123.298 0
95.4605 137.882 0
83.8249 129.662 0
78.8786 130.302 0
85.6047 135.597 0
107.179 130.245 0
111.881 131.094 0
105.192 136.07 0
95.6261 132.371 0
117.018 124.459 0
95.7199 126.844 0
91.5805 123.489 0
82.6237 123.111 0
77.0437 124.241 0
84.7 125.185 0
100.286 123.765 0
108.753 123.872 0
113.827 125.237 0
106.472 125.742 0
95.9137 124.489 0
96.7587 84.5473 0
96.8153 93.1701 0
96.8766 101.743 0
90.3082 86.9517 0
86.5533 102.529 0
82.6578 109.128 0
86.5188 112.899 0
91.1238 114.414 0
96.5075 116.51 0
102.896 87.1273 0
106.182 102.921 0
109.654 109.729 0
106.044 113.279 0
101.681 114.638 0
96.9261 110.303 0
114.979 88.0665 0
115.41 85.8211 0
107.463 87.0834 0
111.139 87.6432 0
118.832 87.8432 0
115.407 85.8237 0
122.44 87.1826 0
114.86 83.9975 0
110.87 84.7195 0
118.941 84.9458 0
104.784 82.3415 0
110.788 81.5066 0
116.82 81.7477 0
122.677 82.4908 0
128.47 83.274 0
104.545 79.4468 0
110.481 77.9169 0
117.1 77.645 0
123.469 79.1295 0
