97.9996 159.375 0
55.492 76.9282 0
62.375 133.303 0
65.649 138.726 0
69.4781 143.726 0
73.7597 148.299 0
78.597 152.62 0
84.1379 156.222 0
90.5564 158.624 0
54.8904 83.4008 0
54.6296 89.7589 0
54.6667 96.0618 0
55.0027 102.325 0
55.6328 108.663 0
56.5466 115.051 0
57.7942 121.38 0
59.7419 127.486 0
138.68 76.3631 0
132.685 131.921 0
129.487 137.341 0
125.718 142.38 0
121.467 147.043 0
116.821 151.585 0
111.512 155.502 0
105.32 158.258 0
139.331 82.7157 0
139.699 88.9752 0
139.769 95.1605 0
139.535 101.336 0
139.03 107.563 0
138.247 113.876 0
137.111 120.107 0
135.25 126.146 0
78.9913 82.853 0
78.9032 80.487 0
70.9999 82.0941 0
74.8582 82.6415 0
83.1528 82.4713 0
78.9006 80.4821 0
87.1879 82.0327 0
79.0762 78.6886 0
74.7316 79.7092 0
83.4112 79.4419 0
62.1215 79.1499 0
68.5653 76.441 0
75.4343 74.7722 0
90.2276 75.4723 0
82.8517 74.4767 0
66.9093 72.2071 0
74.675 69.4251 0
90.4026 71.4082 0
83.0397 69.4144 0
75.5334 119.8 0
98.4175 134.319 0
85.547 126.791 0
80.6917 127.183 0
87.8947 132.474 0
110.566 126.309 0
115.256 126.482 0
108.59 132.008 0
98.34 129.286 0
119.878 119.056 0
98.2732 119.606 0
93.7425 116.418 0
84.0395 117.093 0
78.9304 120.52 0
86.6946 118.908 0
102.917 116.237 0
112.036 116.576 0
116.644 119.886 0
109.347 118.485 0
98.351 117.086 0
98.258 79.0497 0
98.4093 87.1389 0
98.5771 95.1834 0
91.6784 81.9193 0
88.0095 96.8622 0
84.2032 103.648 0
88.351 107.051 0
93.1284 108.316 0
98.6297 110.162 0
104.778 81.7356 0
108.606 96.5884 0
112.455 103.302 0
108.552 106.776 0
103.94 108.192 0
98.7367 103.208 0
117.27 82.4235 0
117.73 80.0423 0
109.22 81.7872 0
113.183 82.0845 0
121.289 82.1691 0
117.726 80.0398 0
125.055 81.6239 0
117.14 78.2377 0
112.882 79.1069 0
121.414 79.197 0
106.394 75.1561 0
113.405 74.0843 0
120.455 74.3627 0
126.905 75.9583 0
132.956 78.566 0
106.175 71.1851 0
113.126 69.1454 0
121.145 69.0903 0
128.51 71.8594 0
