82.483 111.412 88.0964
85.1613 122.958 79.4717
87.2597 134.411 69.5911
88.2307 144.914 58.1291
86.0489 152.924 42.4654
85.5811 157.363 28.4254
83.833 160.246 15.8654
80.0437 160.829 0.954459
84.785 157.235 -15.073
98.8244 148.422 -20.1644
114.369 139.623 -14.4383
126.638 129.826 -9.7078
136.742 120.364 -4.33517
143.795 111.082 2.42509
148.03 97.8921 9.76517
147.399 82.7545 15.2298
147.23 69.5876 19.6095
56.6412 88.7315 55.0679
54.3973 82.5107 49.1361
54.5524 78.3951 43.1248
56.9434 76.3198 35.8691
60.8055 75.6783 28.4798
74.3567 65.4819 12.5879
79.2523 61.9342 9.54479
84.9598 59.9626 6.44279
91.8 59.7829 4.03778
99.1384 60.7972 2.64498
65.714 82.5719 12.2548
63.3764 87.194 8.04137
61.5077 91.329 4.24986
59.4655 95.3774 -0.000374028
65.2618 109.669 12.2841
64.7302 108.773 5.16407
67.7189 107.636 -1.19629
73.2982 104.552 -3.54118
80.245 99.312 -3.36884
59.7291 94.1654 42.15
59.1173 88.8917 37.4027
62.5445 86.4714 33.1478
67.4464 87.0925 28.5843
63.1889 91.2426 30.4551
60.2105 93.7495 35.6252
82.0923 78.2509 11.0266
84.9606 72.3402 8.65017
89.6545 70.0394 4.73424
96.4322 71.1953 2.60312
89.8328 75.1823 2.76727
84.9517 77.0717 6.63079
70.9432 128.975 13.7275
65.9284 120.254 7.07739
66.1681 114.891 1.56515
70.2711 112.299 -4.31295
75.751 108.649 -7.553
83.9977 108.05 -9.49861
97.2855 111.887 -10.3636
88.7667 123.289 -13.2202
81.8151 127.782 -12.8476
76.5124 131.201 -9.45918
72.5728 133.792 -4.37332
70.845 133.795 4.4707
70.9202 126.831 11.8155
70.1621 119.268 1.72742
72.7875 115.724 -3.65576
77.9669 112.933 -6.60481
93.6286 112.407 -7.22023
81.1594 122.845 -8.28511
76.6806 126.134 -5.18256
72.8148 128.784 -0.0812384
