51.351 85.1453 61.5022
52.908 97.6873 59.7329
54.3527 110.519 56.8264
56.7028 122.771 51.4003
60.5049 133.85 40.8991
66.518 142.205 32.4918
72.9767 148.787 25.247
80.8849 154.688 15.4725
94.9294 159.657 9.86673
109.336 155.927 16.2412
118.863 149.56 27.4773
126.716 142.17 36.9163
131.869 134.557 46.8066
134.74 126.161 55.3565
137.309 113.968 61.7122
139.38 99.9895 62.7962
141.794 88.31 63.4204
63.0381 79.0622 20.7715
67.987 77.086 14.3618
73.4116 76.5538 10.6237
79.7371 77.4924 8.29545
86.3286 78.7813 7.18021
107.026 78.8898 7.31411
113.22 77.5321 8.44734
119.108 76.8416 10.7941
124.599 77.8345 14.1328
128.998 79.8808 18.6799
96.8935 89.7592 7.02199
96.7423 95.9047 5.35178
96.6595 101.019 3.25056
96.6571 105.5 -0.000574299
85.6649 112.888 9.31012
90.9438 114.321 6.30948
96.0031 115.654 5.13554
100.614 115.984 6.1603
106.117 112.94 9.74673
71.0494 86.3498 18.6847
75.777 83.7812 16.2203
80.5815 84.0226 16.891
85.6302 86.8448 16.8348
80.9963 88.4875 14.9073
75.3075 88.2392 15.5125
107.798 87.9529 17.1828
113.465 85.1141 18.1402
118.366 85.3377 18.1905
122.914 87.9831 20.1701
118.163 89.9187 16.3116
112.588 89.183 15.6828
77.2234 125.878 14.4396
83.6349 123.727 7.36881
89.7797 122.549 4.21697
96.1507 123.818 3.49073
101.937 123.234 4.56923
107.83 124.555 8.01762
116.156 127.607 16.2617
108.256 134.837 8.84254
102.012 136.584 5.14672
95.6772 136.745 3.92674
89.3002 135.987 4.44751
82.3436 132.484 8.44162
79.4349 125.845 13.2525
89.4697 126.192 6.43689
95.8811 126.161 5.13385
101.417 126.399 6.27391
111.968 127.447 14.9914
101.54 131.193 5.5811
95.685 131.36 4.60242
88.7688 130.801 5.40565
