50.6391 79.8115 63.2468
52.7014 92.7358 61.397
54.5974 105.957 58.5491
57.3986 118.557 53.5083
61.6153 130.241 43.6223
67.6163 139.367 35.6675
74.1478 146.683 28.4404
82.6896 153.31 18.7336
97.5039 158.327 13.7167
112.14 153.431 19.7595
121.789 145.371 30.7561
129.102 136.539 40.1892
133.864 127.916 49.7491
136.622 118.948 58.0569
139.12 106.171 64.2054
140.976 91.8655 65.1663
143.35 79.8664 65.9517
62.7576 74.1277 22.4194
67.7036 71.5778 16.5236
73.3808 70.6314 13.1061
80.2527 71.1046 11.2561
87.2585 72.1016 10.3701
108.966 71.0866 10.9004
115.277 69.9295 12.0087
121.447 69.6086 13.9168
127.099 70.916 17.0097
131.624 73.2015 21.3042
98.4368 84.1532 8.13161
98.3626 90.121 5.81178
98.3503 95.0211 3.27976
98.4519 99.4823 -0.000580022
87.2037 107.747 11.4845
92.4954 108.889 8.64206
98.1135 109.981 7.52397
103.405 110.171 8.76241
109.124 107.069 12.3595
70.7385 81.9616 19.5131
75.9333 79.3933 16.8633
81.137 79.4308 17.4293
86.3948 81.7537 17.5569
81.3925 83.984 15.9444
75.5093 83.9048 16.6862
109.874 82.2371 18.2509
115.642 79.4506 19.0564
120.886 79.5703 19.2629
125.853 82.1175 21.3299
120.66 84.1662 17.8248
114.959 83.6466 17.063
79.8658 121.877 16.1395
85.7583 118.295 9.02847
92.0317 116.242 6.01763
98.896 117.017 5.32966
105.223 116.32 6.62871
111.384 117.865 10.3374
118.639 121.405 19.4523
111.387 130.088 11.6089
105.316 132.73 7.61498
98.7497 133.288 6.06175
92.1207 132.699 6.40747
84.9827 128.86 10.1599
82.0564 121.637 14.9905
91.8764 119.973 8.16962
98.49 119.359 6.7483
104.563 119.51 8.1121
114.744 121.445 17.948
104.418 127.216 8.32292
98.4488 127.769 7.13733
91.5001 127.198 7.70802
