82.6575 155.596 0
54.5047 86.9133 0
63.2671 128.97 0
65.4938 133.567 0
67.688 138.309 0
70.1884 142.786 0
72.2315 147.437 0
74.5542 151.573 0
77.8404 154.516 0
55.9158 91.2256 0
56.3493 95.6765 0
56.2517 100.324 0
56.072 105.069 0
56.292 109.921 0
57.4431 114.867 0
59.1726 119.656 0
61.1115 124.337 0
128.555 60.3473 0
130.881 125.619 0
125.655 131.659 0
119.464 137.001 0
112.691 141.808 0
105.547 146.482 0
98.0824 150.592 0
90.4296 153.773 0
130.933 67.2594 0
133.115 74.2924 0
134.979 81.5125 0
136.471 88.7816 0
137.5 96.3293 0
137.931 104.074 0
137.266 111.784 0
134.876 119.004 0
60.3709 87.5739 0
59.0919 86.0908 0
56.1874 89.4958 0
58.3142 88.7715 0
62.185 85.9528 0
59.0945 86.0884 0
63.6449 84.1721 0
58.5552 84.6161 0
56.7418 86.7477 0
61.1009 83.8386 0
52.307 83.0553 0
54.4062 80.8487 0
56.825 78.8878 0
62.7456 77.0734 0
59.6318 77.5016 0
52.4425 78.8424 0
54.8893 75.7851 0
62.0079 74.773 0
58.6838 74.579 0
67.7023 125.35 0
78.1718 129.704 0
71.2386 126.297 0
69.4962 128.673 0
72.7928 130.634 0
88.2406 119.023 0
93.1695 118.581 0
86.5858 124.929 0
76.9355 124.875 0
97.9154 110.683 0
73.605 115.503 0
68.0572 112.937 0
65.1752 118.473 0
68.8443 124.566 0
68.7922 119.174 0
74.6296 109.728 0
86.5726 108.414 0
94.5336 112.103 0
85.0217 111.478 0
71.4816 111.93 0
66.367 77.3758 0
64.2577 83.794 0
62.0862 90.0848 0
63.6208 83.012 0
58.9889 94.8329 0
58.8812 103.087 0
61.3377 105.079 0
64.4113 105.36 0
68.2188 105.02 0
75.7928 78.5012 0
77.2733 90.0271 0
81.6418 96.2318 0
77.4269 100.343 0
72.9323 102.388 0
59.9635 96.4524 0
88.58 74.6968 0
87.0577 72.532 0
81.9967 76.4702 0
85.1815 75.6952 0
92.1144 73.3469 0
87.0536 72.5325 0
95.5502 71.9296 0
87.0828 70.3283 0
83.7141 72.5496 0
91.4371 70.2838 0
73.0779 71.5365 0
80.3592 67.5408 0
88.4895 64.9694 0
96.8641 64.8672 0
105.493 66.1325 0
71.2597 67.7639 0
78.0178 62.7748 0
87.456 59.9072 0
97.2077 60.7259 0
